image_width: 1920
image_height: 1200
camera_name: left
camera_matrix:
  rows: 3
  cols: 3
  data: [1140.8021240234375,     0.0,             1011.1559448242188, 
            0.0,              1140.7904052734375,  609.4842529296875, 
            0.0,                 0.0,                1.0]
distortion_model: rational_polynomial
distortion_coefficients:
  rows: 1
  cols: 8
  data: [-0.05048737674951553, 11.874545097351074, 0.0003206102119293064, -0.00031049925019033253, -2.8742926120758057, -0.047299306839704514, 11.715359687805176, -2.6203954219818115]
rectification_matrix:
  rows: 3
  cols: 3
  data: [ 0.999958336353302, -0.0038664196617901325, -0.008270402438938618, 
          0.003917711786925793, 0.9999731183052063, 0.006194715853780508, 
          0.008246229030191898, -0.006226858589798212, 0.9999465942382812]
projection_matrix:
  rows: 3
  cols: 4
  data: [1141.8338623046875,        0.0,              989.215576171875,   -66.60054149462084, 
            0.0,                 1142.22412109375,    609.081787109375,     0.0, 
            0.0,                    0.0,                1.0,                0.0]